1722
7430
2813
2637
7387
4367
9761
4901
9737
238
8325
3810
8524
8786
2666
7636
2225
8473
6952
5649
9548
1680
3016
9185
9660
4069
9308
9172
6011
4818
9861
4798
6473
4587
9208
2864
9007
6114
29
3664
7351
7739
3252
1820
1633
4161
8470
4682
6086
4453
5342
2684
4952
4800
7528
209
2162
8853
4357
9498
9871
7349
9528
279
167
3095
4734
2858
2434
8980
1703
3527
8794
9234
699
2566
7304
6630
425
9640
744
7717
9471
3416
1309
1674
9652
522
7159
1380
4718
339
1939
4804
8252
48
1716
9483
5529
5390
2920
1024
1776
2701
245
3617
1913
9580
2320
9746
7261
3098
4969
3240
6061
3856
135
5935
5447
2387
4390
1948
1132
926
1905
8654
1349
6139
6356
1303
856
292
1010
6965
1644
6820
4724
185
8004
8709
3903
8561
4466
2420
5472
5095
3247
8268
8138
5116
1960
8462
9703
9340
9468
5319
8551
7469
7770
6031
8999
350
486
9569
4854
4685
2774
9817
740
1601
182
2894
8394
5215
2066
6557
659
316
8645
1745
7348
9047
5710
2437
4403
4119
5567
9049
5663
7375
3370
5231
1223
552
8918
5189
8266
1367
3009
6526
7946
6624
2157
9600
9925
9131
8100
6094
7090
9149
2990
6383
7456
2094
4636
3860
3171
9943
9667
4760
7773
8442
3198
4828
3359
3687
1954
8966
324
1117
9423
6366
8329
5736
4795
3824
2103
8868
1337
7945
53
3727
9632
7609
3325
4677
5264
2170
7993
4356
7389
2425
8990
2427
1778
924
9830
3051
613
3808
4168
1448
5974
7812
8528
4533
1430
9704
2227
6430
5080
7563
1445
246
3230
5109
5297
8858
4358
621
5151
5686
9333
173
6035
6787
1691
6567
7467
9710
3054
5675
178
8753
4283
4451
1965
6626
3682
7220
1041
1617
3326
9473
2226
679
1419
7531
1804
781
7086
9684
7634
4834
2967
489
6920
2195
8626
5235
578
9947
9163
4219
9576
7833
2243
5573
8997
5001
345
6660
8506
330
1025
7992
9470
6811
8076
4884
7146
9973
1946
4469
3547
9593
4216
7881
8267
7378
3573
7148
4556
7097
7974
9864
1302
9924
3988
6446
6138
6324
6655
8978
7319
9974
9832
2812
2386
6807
1809
325
7332
8939
46
4934
1831
2529
5598
4693
9306
9962
8395
3839
2629
9705
1107
2389
8288
9148
4026
163
2034
1211
7077
911
7479
14
3036
2253
8686
2457
6611
100
3006
1743
5107
4669
6483
9995
2238
5709
58
7715
2526
3070
8241
750
7141
4103
8251
5909
7705
4235
9339
8336
2575
6500
3340
896
7566
9551
2895
8928
5055
1772
8574
6808
8419
7766
1374
8046
1415
2097
7930
6947
8827
8517
953
675
3080
535
326
2909
2947
7410
8818
4749
7458
5673
6102
9563
1324
7124
6904
5701
9341
7819
5904
2478
2525
1336
724
467
8019
3735
6576
8232
9422
309
5903
427
3718
7108
977
5268
1101
3061
7771
383
1467
852
5967
3342
8572
6484
8097
1999
2193
6631
352
4075
7825
2725
1444
357
9080
1033
7964
9543
2392
8935
8101
5402
1850
3777
3589
4328
4873
6066
9056
7256
171
7877
28
7830
3149
1182
8570
9813
8224
3693
7377
1682
3354
4387
1693
2502
7639
6265
5373
5545
7553
4675
5358
9631
1310
6431
85
9671
9936
4065
6605
7567
3772
892
6664
7163
9217
4957
4701
4847
7111
6053
1950
6082
3596
7520
3210
3253
9477
1207
1434
4489
5057
2444
1006
4695
3595
8068
3606
6155
4658
470
4739
9519
7556
9556
8737
1649
2764
4782
1427
9440
6504
8797
1676
806
9212
3409
6725
2136
1906
8933
505
2665
9268
1979
6810
8489
5999
8341
1760
5131
269
1262
4984
9644
114
2290
762
5370
6858
6183
5992
3010
7622
3836
1605
9883
3166
525
8179
9763
2799
6078
7702
1142
5081
9373
9246
860
3087
3483
9170
253
3691
6238
3282
7388
8947
8972
5068
3955
4660
5809
439
5741
7444
3929
5705
7395
597
4063
5907
5452
8402
2968
7754
6514
1193
9161
7532
3752
791
4123
2972
7103
8710
1353
2914
5190
10
7677
4440
9469
1032
1732
2956
1161
7289
5628
8198
8009
4890
3432
9702
6522
2159
9022
6579
5295
3019
247
1273
8511
2652
8861
374
1571
4982
8689
3650
2928
3505
6907
5078
9003
2197
7795
6355
2744
1830
994
2611
9885
3034
5118
3925
835
9706
5042
821
5820
6878
4996
8363
1226
8225
8642
2129
3396
3763
8865
826
1576
7798
9408
9041
2110
2938
9748
6906
6821
6752
3679
8218
168
5771
5888
548
6761
8886
7707
7545
1688
4331
371
1550
2523
6036
3590
5877
9187
5369
9192
9502
1091
1977
7070
6885
5125
288
5205
7236
3286
4208
8856
5799
3869
7471
3089
1379
1339
9324
940
2081
9068
2848
6639
9844
2317
7700
2992
3234
3116
2976
889
4424
2655
4196
3044
8778
1981
2786
38
7462
3024
4879
483
5336
8183
4392
6670
5285
4835
4071
3424
545
1768
6729
8662
3202
2903
9546
1257
6321
2148
2071
6098
6563
3840
386
8740
1327
5299
8878
4633
1233
1667
5849
1985
4116
9215
8621
4384
681
4227
1587
5075
767
9443
5015
2145
272
8401
3672
5182
1544
1911
1764
9814
2636
6368
9757
7006
9198
7415
5382
354
6796
5367
646
8598
3267
520
7955
648
1325
4719
146
6166
6519
2683
7620
6200
3086
4094
2716
9488
2999
5385
5863
9193
8293
5060
5024
8682
4730
338
4839
7947
6027
1997
2867
627
6252
6188
9035
3844
194
2743
1510
8098
2897
9219
1055
277
8773
2198
833
5949
1407
47
2027
7740
2821
6979
4613
4705
4925
2905
8643
9911
5375
7032
1330
712
559
4714
1478
6294
7792
936
8083
5840
6023
8961
4888
3099
6508
1165
1236
337
5826
458
1505
8102
8611
8502
3442
7172
3812
2792
4250
3468
7885
7156
9988
7582
8596
7940
7537
1963
8077
3666
6187
4088
624
2872
3280
9527
1500
7176
7140
2477
5899
4529
6197
7248
4425
2123
4815
6448
1094
4676
4029
4553
5844
369
7346
4911
7481
3715
6249
3766
9903
1195
268
4561
444
9693
8523
5501
7233
4146
5087
6833
9939
5003
509
1397
1623
5102
8060
1163
4461
4852
5813
4913
7239
9918
1993
4371
7438
2352
4868
3900
1263
3604
3206
8122
3482
5419
3635
6209
3167
5712
4304
5542
1761
5507
4255
5853
3540
6494
5891
4148
3037
1932
5922
4909
7265
4976
375
7851
9676
9139
5587
6110
2414
2820
4824
7081
4324
9867
7165
8664
2109
6231
4771
5956
8069
7054
1392
8130
2291
598
3629
9110
1806
2621
2204
7519
5091
6285
1877
9167
4816
7808
3814
1886
1391
7729
437
1172
1495
6641
6545
6241
4905
8716
3271
8448
4974
5134
3329
5880
9800
1808
516
6834
2597
8732
5755
7259
5168
3055
9141
6158
5384
5691
7678
3885
186
1001
1331
9005
9256
3813
252
281
3676
9578
134
9425
9506
3312
5659
179
6692
9387
7935
7356
5866
9209
702
2451
5349
396
41
2127
8538
9860
4295
2721
3422
3859
6303
7679
8838
3332
4336
2096
5521
8381
4727
4631
3949
3731
4848
5076
4167
7447
2260
8837
2166
6695
2560
1051
5970
3927
2196
8640
3217
7941
3161
1412
1828
2674
6018
4023
8211
8340
342
2473
2828
6198
8178
6565
2624
6673
6361
1696
8927
725
1281
4965
3273
3461
9048
5931
5079
1398
7872
7829
2521
3052
1998
7492
9806
1203
3138
7539
5925
4121
2149
7191
2430
2452
5670
5122
8168
6112
723
4634
9827
5895
6714
8591
3331
3767
8369
9346
9465
7853
7144
8447
9692
4593
4887
9252
9574
2015
831
1423
4126
9749
5525
9717
2436
8045
955
9153
152
8796
4857
2400
9784
8206
9120
4574
5683
7283
6089
4472
9596
7061
8192
7932
3140
6457
8802
6758
784
9415
7861
8265
1916
6707
4531
4711
7721
1080
2319
5769
7653
7245
4108
9001
6236
6753
9395
9379
5995
2104
2336
6067
7134
9963
5915
5765
2886
6362
1185
7991
2860
668
8438
2866
8469
1630
9055
7769
6250
9765
3496
318
9982
1856
799
7489
63
2459
2804
2449
3980
3180
5470
5781
9312
3159
5821
7059
2993
5575
3755
9441
1984
3471
5353
6684
9718
2640
7511
5111
9399
6765
8719
5618
9320
5993
1129
2991
5314
3092
8900
6620
9169
6944
7921
7995
4506
224
2562
5920
3954
3255
3131
1975
6656
1322
1494
9768
2742
503
3660
8291
1453
1844
8969
6375
3136
6894
5892
2750
1557
3696
3624
2873
5038
4112
7214
8057
2771
7604
739
1056
2845
2401
3948
2531
9909
8757
2189
6628
931
1014
7547
6225
6689
4351
3940
32
5796
1863
7494
4568
9325
5461
3994
6072
2768
4082
4183
408
1417
7497
8463
7209
55
9840
8222
3639
196
8007
5142
3910
6055
2814
8323
2121
3335
1955
1646
4438
8975
6186
4703
6601
2763
3111
2407
4495
5680
9276
6190
2076
6687
1232
6775
6489
9269
5692
1537
4170
2703
9503
4131
647
3674
6342
282
6164
177
8557
3747
2916
5634
456
4383
9670
3720
8243
3315
5841
6596
8730
2397
8351
6850
4458
3665
5833
3470
8910
9112
7178
7096
8889
2341
3005
3971
4211
4073
7147
1196
1539
8450
6410
89
5597
5140
6432
7732
691
6134
5806
7642
1519
8704
9073
9754
1708
3395
2960
8836
7117
8294
7205
610
5754
431
6754
1563
1805
5480
8338
3436
9336
4035
9350
477
2609
1122
760
7167
9462
6123
1087
6091
5130
6343
945
2884
3251
9944
8124
2380
566
7218
8684
3187
2599
7710
4401
7709
5312
5248
9848
6635
105
26
8727
1689
6551
6759
5222
3580
642
1511
7664
4152
457
7989
1388
7610
2231
4953
1178
5048
204
460
568
9818
8908
203
4725
2586
4004
573
5212
2025
2723
533
5535
8765
2454
4776
5991
1590
3960
5196
9404
3263
3730
747
4226
5591
8780
9420
3572
4305
9053
3771
7854
6543
4704
7067
37
6159
3793
4758
6509
9123
7455
95
8020
9662
2020
7312
4994
2468
7727
2871
7507
2
6814
8584
5471
676
8086
6266
5192
1897
1356
8483
19
1462
5025
6899
51
5170
7030
1871
3102
9529
5978
8912
3120
9027
5027
5217
3744
1673
2988
991
4470
5629
5971
2898
9359
3068
3631
8443
3936
4590
5674
537
7186
1402
3875
2672
643
7038
4045
1188
7409
8344
7042
3782
7041
2051
5506
9516
2890
2507
3450
8379
3707
8926
8545
1781
7580
7177
7058
7062
7574
761
6908
5837
2303
4389
6936
5611
1666
5698
1785
4101
7504
4191
837
7406
160
5533
1245
3886
8017
7827
8899
157
133
7413
2697
6668
2476
6837
9592
8140
7888
8074
7577
4678
9107
5540
1000
1488
9517
9854
6566
7373
39
6423
2092
5906
3690
7688
3062
8582
6922
2728
4447
307
5614
4271
9180
8264
6883
3881
645
2553
5593
5315
2549
1780
9171
4339
3463
2209
8641
9828
9902
587
8804
7647
3751
8669
9
3437
7996
6220
2172
6054
9328
1097
4070
9424
1715
433
6518
3451
9773
2472
2770
1671
4377
1109
2889
3439
5306
353
1291
2045
7555
9696
5440
3551
3475
9237
3419
5444
6889
6849
3714
5014
5211
8139
147
5105
2862
3967
7571
1515
5210
3852
4514
7598
3213
7316
3702
8123
9295
4874
7884
1480
1526
7066
2861
6255
2474
6047
9357
1492
8011
5627
5984
190
4768
5417
4865
8862
9437
5624
3464
923
5641
1835
569
5232
5257
2077
8435
5004
7558
6311
7506
7422
582
5069
6973
2158
3951
9316
4698
4746
5183
7128
7973
6879
3435
4747
7586
9734
5101
2481
6385
5851
5043
1885
6776
9063
4707
7818
960
432
5093
4968
5952
1640
9197
5207
4158
9549
8420
8384
8023
4654
3833
4460
3819
2536
8152
9825
9732
4017
5191
5379
8058
4589
8958
1130
8037
7595
6282
4980
9454
5044
3259
8038
5789
6688
6330
8747
9535
9137
311
7206
7057
7330
18
6954
6153
9129
8172
5517
7757
3401
868
8518
2596
2751
9862
8202
7562
6287
7834
1197
8586
8513
2653
7902
415
1282
8548
3194
5761
7301
8246
9639
9199
1695
6744
1723
7699
2613
1896
2111
5571
6903
9756
4400
9436
6262
5237
8244
9326
5121
8135
5378
738
3742
2550
9712
7963
5536
6653
8486
5986
3492
9620
8977
8254
6665
5040
341
3414
1637
7880
2490
7671
7344
9937
9932
7252
6537
8842
9979
8828
9687
2019
2752
4009
9370
8831
2223
113
2052
660
9707
5281
4362
2658
2154
787
7215
6637
8777
5435
9334
6751
7338
5609
866
9740
2118
1279
3243
500
6622
7925
4775
3372
4054
9019
3768
6699
7882
2324
2695
419
2078
5747
3
3151
102
2256
295
7659
8855
8752
1351
3397
1148
704
3105
517
9258
3550
9788
1039
9558
5625
1047
8756
6529
4173
7333
9952
915
8851
1452
3584
5176
8208
8205
5990
1035
4512
319
4074
7859
7201
5642
5825
9520
6440
7753
2547
5228
65
2607
2219
3493
6043
5963
5930
5854
3031
3769
16
6357
139
487
677
9287
9605
4765
3683
3764
4959
9038
6376
7200
3909
9430
6481
925
6480
2622
4977
5396
2796
3756
2700
9475
1532
9552
6239
567
6438
3485
7803
5697
9736
6331
7381
1314
3705
3853
4394
3489
4780
2357
5941
6411
7264
1547
4186
8566
4003
2974
6926
539
6983
6326
6774
6464
2410
2102
2220
8304
6971
2648
1813
6999
912
7821
2445
729
2733
2203
641
9069
3077
6034
9622
1876
5280
908
9444
8488
4610
6215
4083
3148
5638
7549
5449
5486
7417
1846
7149
3605
3649
1528
3185
7274
7045
1704
1934
864
2769
1352
6877
4391
8754
5278
8691
2184
7862
4769
1026
7502
7588
4559
8335
6288
6778
2405
5094
8617
6583
1421
3510
382
13
4539
6014
6623
1461
2915
5143
2033
9210
6302
3343
6194
3081
3919
9585
8859
5668
3713
5817
2087
1969
2673
6614
8145
3355
5412
5816
680
5742
123
275
8916
7277
9701
7952
847
9145
4645
3228
8707
8848
8653
5054
9859
2730
4733
3834
2200
793
5029
8599
5717
4551
227
4696
6412
6992
6107
1115
4646
1951
1435
7278
3706
965
714
8213
6049
6949
995
1252
698
9628
2759
6213
8170
7848
1870
7654
4165
5330
6436
9893
8629
8665
4382
3798
3544
2024
4316
1298
527
7629
1616
5951
2194
1496
3920
6056
2906
2267
678
853
8305
3042
115
4550
9930
1409
2379
154
9166
1887
3888
1669
9851
1634
5872
3893
3898
2503
7787
4111
4318
5324
7374
7708
1935
8535
684
8240
3322
3746
2985
5292
9332
384
1821
2222
1849
5867
2576
5137
87
5322
1536
6800
6429
3908
3256
2965
5764
7625
9778
3509
8721
8400
3546
215
2364
7665
8177
2587
291
6195
6320
4477
5439
2363
958
4435
3740
6994
1769
772
7915
9964
5
8919
6783
8554
8165
7908
9255
104
7942
4949
6636
8066
8416
6863
9675
694
7977
7690
930
251
3406
8812
7109
2922
4866
7288
6450
9904
1118
5847
8864
6021
6281
6916
6763
8314
7568
5156
9183
436
4398
2538
2404
4684
3924
4757
8111
4667
3421
2411
6137
5240
803
1574
4308
9045
733
3050
5613
2484
2782
734
2944
2134
4672
4927
810
9259
927
8724
9553
7336
3415
823
2169
7474
1628
4294
8929
5610
8333
4692
8423
3582
7706
8350
6269
751
2859
6128
3603
7405
1246
6782
3101
7918
832
7785
74
3670
1502
1493
1895
5794
7975
4825
1400
223
111
4280
1005
7068
5036
5595
5980
780
5760
631
1484
1222
122
7615
9184
1422
3823
5511
7069
101
8666
271
8897
3096
2600
7505
5608
9250
8915
9853
9786
4349
4917
5695
9102
8316
8036
9573
5242
3733
8782
6749
3879
1852
5441
4124
2929
8334
982
2891
4203
8307
7004
5685
7799
9453
5073
5582
8356
8249
3984
6976
6498
2059
9447
5162
1334
9672
6865
3403
5706
9764
2183
8255
4342
957
5127
5226
9812
7390
6612
395
952
8129
2557
6733
7115
3532
5508
6912
5644
6678
4821
1826
5006
9608
878
4938
1790
4627
9744
9014
149
7017
5570
6247
5679
8847
6092
7302
8718
7227
6465
9213
8453
9249
3369
7477
4737
4479
1599
4306
7839
6616
3562
3353
8414
8059
3407
9795
7047
7999
1782
4713
9206
4504
25
7480
2394
5287
9770
4225
6738
7091
4221
4967
7806
2598
8321
7988
5823
8628
1833
9557
8444
6081
6487
6425
1572
8195
962
6746
7783
4493
9953
6843
9218
894
4407
8071
9655
2247
2952
3700
7845
4189
8374
9739
4608
8436
6488
3328
1944
491
8496
3794
726
4385
2883
465
5267
4505
3375
3536
6084
3741
3759
3365
6535
4630
7291
8940
302
3680
5126
8383
6369
4007
3030
8942
5546
1455
7646
7543
8201
5646
389
4937
1235
8519
9344
7752
7317
4708
4194
5982
5798
6880
7335
6700
8930
6561
2138
6453
5243
5795
4240
1681
8064
9394
3556
2023
5408
692
2558
1962
2660
2616
3587
3113
3479
1958
5018
4962
7876
3134
4010
9480
3229
8820
2050
5187
8618
8876
8509
3393
7751
8779
4956
8237
9722
2008
6739
6854
570
5875
653
3007
7366
7125
4915
4253
2179
8320
1011
8746
2014
9521
8475
6650
5123
8377
3181
8263
4896
1786
1019
8258
8799
6169
1456
4242
1825
6275
4151
4557
6732
2011
4820
5881
9173
3274
3146
4936
2608
493
774
3364
3222
3097
9495
5041
3957
449
5934
4027
6010
3902
5581
6177
9708
3298
175
6705
1817
1126
2937
1996
5310
1784
9542
6435
6856
6276
9220
611
2048
4330
6065
3515
9178
6415
9079
730
8649
4861
3757
2124
5846
5707
6017
9975
2687
7463
6602
9211
5334
1395
8952
7037
7142
4501
52
7212
6234
9402
334
8217
8589
7276
1580
9695
9661
365
8948
6956
1066
9636
3668
7583
1545
2772
6627
9759
4034
5493
1294
7217
6969
7959
4563
6341
2656
2532
9926
6207
6088
7987
195
6096
8637
4594
2471
5346
7185
1216
6701
4047
3458
2987
6346
9571
7576
8412
8608
4441
400
1731
1675
5400
2941
8219
4487
8674
1058
8903
2432
8622
4540
5163
1064
7329
4364
5223
969
1483
4642
7600
6103
6671
7162
2216
4426
6274
6801
8067
4930
1982
843
5244
2856
6662
3802
5425
7294
1767
938
606
542
6593
263
3941
1037
3974
1121
1521
6404
4722
2714
9823
5090
3671
4229
2950
1215
6542
2292
7685
7776
329
7857
910
7487
9586
4291
9389
2146
3058
5017
6104
1425
1433
485
5658
6297
68
7266
1189
5775
6222
7451
8380
8527
9972
4096
7744
1198
8156
7036
3015
2556
8995
9723
6131
5129
2524
2745
7641
5623
86
9020
4420
4313
8963
6117
3201
3678
736
2029
4213
6704
713
4920
3725
2235
7723
7139
9216
2822
4840
6378
9008
5989
3319
3283
3408
1084
4811
5413
7534
8892
6227
2318
1509
7813
8668
3381
1365
3022
6459
4258
5957
7279
1864
3688
5403
5728
2489
2083
721
2901
3880
131
8359
9967
9505
8749
1108
8228
2326
3923
8627
7145
2460
5561
4585
2475
8722
5337
3032
4107
7501
5534
6767
7353
9156
2634
1317
1067
9499
5516
3749
6228
3391
2815
4618
6204
3112
1181
8226
9225
8901
4796
4538
9109
4404
6654
4205
367
5737
9686
2844
3778
1238
6874
4809
2720
9238
5964
7630
576
2924
5097
869
4532
7758
6762
3429
5477
8227
368
96
1970
1892
10000
895
9157
8943
93
8456
2307
6503
6151
8810
7443
9540
9654
8532
4788
6929
7127
4546
5814
1003
9152
4141
394
8553
7452
4850
7129
8392
5082
2940
4898
7914
3425
9458
3172
2300
7484
3866
2156
235
2936
502
3334
276
7656
9376
5005
7687
2191
9242
8832
1437
9391
9356
2428
3829
1586
8556
504
1175
7804
2040
5421
6077
2340
2827
6178
9132
3817
4973
2534
8905
8514
2961
540
748
1773
7208
2810
6968
3124
8953
3760
1736
2803
8280
6152
1432
7733
197
6293
1250
6314
3662
9363
8661
697
3518
2337
8885
9809
2722
6261
2374
9996
5962
4346
9188
8417
9504
8158
8701
3225
6109
6770
1584
5590
8821
9406
8063
7400
4604
4872
9386
4932
4624
1800
1052
9298
6125
4230
4452
7337
7339
6768
3379
9678
1018
6167
840
3850
8767
180
6779
4206
6381
9257
7910
6513
6582
3443
9194
4432
1053
7013
5311
2108
8974
4963
959
7499
4644
1443
5351
4762
6642
1256
6951
657
8736
7794
708
4607
8696
9621
6316
636
7079
136
8332
3023
9846
5883
6306
1579
461
2006
8533
9040
6817
2192
6413
1909
2969
4971
6251
2839
9728
4125
8128
2606
7300
526
6327
3090
1013
9587
5008
8994
5786
1180
5855
2912
685
3433
5945
4176
8324
9093
8151
3569
3846
1093
8790
5946
1220
8143
6533
2218
5428
3560
6379
5300
8575
2499
5564
8365
5588
7873
5316
4106
7270
5648
6184
9337
2776
7635
9683
9731
5560
1612
1046
8449
9648
1173
4136
1663
2590
1585
9805
6897
2177
5496
614
6711
8552
7473
7122
8236
5139
7164
6970
7837
4549
4869
5916
9429
5051
4302
4700
9623
2953
8882
4202
867
303
6299
2756
9565
5171
4036
8512
6747
5262
7605
2761
1231
964
9567
5284
8941
9965
6674
3413
4622
7371
893
966
8262
6418
6256
7627
7820
560
5350
1436
5445
4877
8833
3855
4858
2663
9353
5605
5889
9968
5414
6892
8322
617
5063
3944
6799
628
3467
9568
7367
6121
3737
3648
6270
2269
7347
2354
2188
4659
901
932
7913
6372
6257
7841
3736
5893
8670
7280
877
2355
1075
7012
4120
9067
4650
7064
1088
6502
8871
9987
5653
3525
1793
3958
8441
7078
3685
5341
3531
584
4919
854
1321
842
2044
9272
6336
5478
3147
5340
1824
9347
9713
8808
933
2923
5783
6895
5249
9685
2214
7920
5219
9579
1561
2274
43
6063
1552
580
5987
1752
4570
5110
6455
9919
5356
2646
7213
9062
1028
883
8326
5577
6478
5304
8920
8024
9494
4066
9482
76
414
3221
4781
8957
3963
2595
7321
9993
4966
4933
2565
6829
9033
207
1692
7100
2734
8018
5443
8960
8289
1530
6737
8728
1777
4569
4988
4599
1459
6675
7614
3896
572
2707
6427
9824
2215
7126
688
4239
5947
7673
7997
129
4197
9577
7623
1167
7311
2268
3558
7517
1383
1991
21
2564
2801
1394
2199
4912
9384
561
812
5456
7950
2542
4883
1581
7020
8006
7083
737
7747
4393
4664
5544
4680
6367
3783
3837
7433
6156
6179
593
4931
7541
7094
3637
110
8482
1568
8615
1468
6887
1040
1497
2349
7643
8016
4742
6857
9094
6070
9114
5749
4687
9248
5320
4134
8481
3719
9829
5372
5161
9960
5985
9946
5468
752
1396
5302
732
4370
2996
4178
1638
4288
4326
9015
5167
6723
7072
3659
5490
4340
6095
7290
703
8445
3579
4600
4338
4481
3796
8748
998
244
1867
9496
402
5491
6932
8245
1021
9368
200
6581
3899
3260
4159
1106
5678
3308
6803
612
882
8474
863
1933
1072
8714
9604
5937
2264
4770
8781
4127
3542
6224
1959
286
6337
4072
9273
5263
5620
2528
1401
8052
2421
4656
3349
4639
9881
9629
7811
5694
8002
3779
1140
2657
876
2582
7098
532
3677
2589
2619
4060
445
2408
2299
4449
9877
3091
4712
9481
9130
8698
3697
5690
1866
4276
7297
804
6841
9591
3266
327
492
2332
4616
5427
538
6607
6461
9998
1341
3801
2942
4322
8235
438
7536
6524
3728
9432
6790
2398
8043
5850
1320
9783
4503
2272
5828
3073
4110
7350
9821
7454
8343
6703
9544
4801
1989
3655
6409
6556
8569
9396
1295
4222
9751
8008
8550
2286
2463
2069
8160
6546
9235
6001
7736
1426
3045
6724
9083
8337
8986
6572
2105
5770
1524
1489
6495
3441
3175
8543
6008
8260
3553
3157
6085
2779
7801
164
9497
6547
346
3130
6020
3278
881
3738
3799
638
4694
8276
1284
1343
9050
1243
3567
9090
9720
9933
3914
7180
3976
7638
7307
6352
5032
4128
2117
1891
2315
8735
3845
8415
8559
8
2541
2577
7392
2101
5007
1133
5136
3504
3145
7230
7746
8776
512
6594
9200
7745
189
5757
2375
5569
3570
8275
6279
9491
6168
7734
3847
6900
3374
6370
6978
9913
6966
7750
6781
494
6267
8795
6625
4175
92
5453
1361
5331
8103
1795
7726
4218
7315
8893
4566
8937
7179
3935
1516
5098
6784
7482
6042
1438
7168
9949
4878
8866
2362
2174
5541
2276
4547
3828
2017
2080
1377
7724
937
9612
1411
2748
210
9284
3320
4482
1355
1069
1575
3673
6786
2921
9082
5704
6891
6532
7704
7540
5785
9314
8499
8516
3825
5070
7637
9096
6585
9583
8623
8826
5364
7342
1144
928
9207
7440
4053
1775
1449
3916
9190
2632
2699
9179
4301
1725
2705
7241
2592
9724
1045
6555
8585
8789
5661
9407
4263
3743
7764
8298
6633
9270
5155
3890
9084
3529
3571
6101
3641
5539
7618
8345
4044
8581
5632
5958
3119
9100
9886
9530
4228
258
3330
6867
9051
1278
2038
7564
2443
4806
1553
1518
7181
9914
2980
3993
9146
8104
9641
2347
6977
4217
8525
4625
9329
2382
6996
7850
5660
5566
1869
700
1737
3997
22
3455
2527
8403
3906
4417
9239
8788
7296
7326
9006
2628
4586
2142
2826
2305
90
7092
2896
8655
8685
9126
4380
5655
8660
3537
4595
4605
9105
2075
5394
4179
1719
7713
2493
3449
2106
585
1796
2130
1286
323
8026
1815
1757
8677
4257
3118
3626
3003
5752
317
4494
6062
1378
4260
5165
8242
5272
4773
9934
8846
4846
3462
1477
4483
5030
8000
3446
9948
6798
5938
8607
9884
6271
5523
60
7491
8494
7287
9078
108
1925
536
5200
2685
8353
5959
722
6939
6793
9032
6142
5510
3367
801
143
8949
6108
7118
7391
8248
7759
5807
1390
5269
4484
749
1268
1399
2603
4515
2816
1031
2939
661
9771
5580
9489
3818
2512
5923
5053
6486
2013
5739
3028
8418
8171
7437
768
5279
3999
4315
4437
2593
2583
6791
5258
7282
9227
9855
2610
8406
3139
8203
920
3224
8743
2865
2617
9195
6073
844
5860
689
7476
9803
5227
7802
716
1910
1414
5565
7204
3248
6292
9597
3238
3987
2709
8673
3872
294
5702
155
3386
997
2790
8432
3842
304
6221
1255
6296
6051
4289
2376
9017
1204
8593
2168
961
4543
9816
3373
8081
1105
1920
1992
817
8273
191
8745
3100
7722
6189
5498
5518
8039
72
8220
2514
2250
7310
7255
1323
6058
1610
9362
8896
8296
8547
9451
564
1763
8604
3128
9144
6397
1240
3196
9433
5687
3826
2962
6559
4415
914
225
3905
1050
5159
9590
5738
9369
7815
9950
879
4463
789
1277
5154
9413
5495
7242
1241
6839
2535
4983
4665
2488
9261
4935
7465
9643
1697
3964
174
9490
7672
4787
5333
1603
9115
6757
4140
9323
1100
7649
156
3851
7906
3675
7986
5360
9562
9985
6517
2847
2982
9733
5325
1702
7434
8090
1326
4491
2064
6263
7560
9205
1729
7644
1004
2578
686
7011
1862
5221
7436
2487
4785
9951
6246
5520
1990
1219
1090
4793
9538
2631
7292
870
5870
8422
9501
9175
7309
7407
825
1083
5058
6162
7470
1527
2137
9367
9977
3076
1389
8932
4478
8001
3894
1645
9522
5972
6087
5224
9957
8650
2662
9155
5724
2570
9658
3337
6709
7007
6693
293
8440
7318
6847
4006
9159
6618
4145
2731
5887
9610
7855
2877
5861
7737
2811
8793
1739
6771
1049
7985
3716
8426
9940
4621
7325
6460
6871
9619
4842
8733
4612
398
3508
6406
1855
1269
796
6325
2788
4298
5362
8476
7983
3634
7689
4741
5366
1853
3835
8375
6772
6437
6694
3953
3945
3995
9086
8411
1124
814
8688
5234
413
4149
4334
8065
7972
9511
891
1639
4596
3059
1044
4720
2419
1577
126
841
3189
1463
9753
7198
283
4249
1788
1042
2573
4774
7895
1744
8726
3512
3533
280
5120
1921
4086
1937
5438
670
8881
6033
6310
3754
7976
310
3056
2358
1159
6
3104
1171
4827
67
4335
7420
9815
946
7121
373
8693
3346
98
3293
5744
4046
8950
3792
2359
5010
308
5241
9351
1683
1265
4321
4496
426
4395
7107
9418
4033
7927
7022
7354
1522
5730
4233
9912
9721
5601
5556
9984
7370
9775
7864
2070
172
1292
1070
830
8971
8207
1297
5483
7196
4109
9796
2638
664
4388
1699
120
7661
7826
7735
2466
3223
7293
4266
3434
4234
9681
7929
2037
7698
1872
1125
8032
9992
1503
5485
8988
1164
9606
9382
4885
1636
3978
5463
3026
9870
9343
4169
1179
596
3623
366
8155
6140
1641
4897
975
1288
8221
8656
4105
7522
9042
1859
7781
3173
1073
2739
5948
8282
1912
1290
6283
4476
4528
4296
7524
8153
9342
2561
4214
4162
4172
7741
7523
7207
3235
9058
4448
1595
7359
3950
3804
222
709
4683
7441
5784
7917
9839
7175
1338
1899
5762
3207
2246
2670
4416
6009
9263
2910
9354
6389
5800
9335
8437
6584
2373
1306
7485
8468
4955
3933
3345
2393
9978
1771
2467
7019
8181
4993
2365
2824
7909
4439
8317
2259
9700
3126
2402
3163
56
1978
8274
8734
5343
1631
3878
3934
3358
7720
3176
8114
3478
9456
7711
2625
3517
6816
6499
4726
5152
9076
5256
6959
3109
1779
571
2384
7386
290
429
1915
7889
2412
5926
24
9961
2882
9688
7324
6313
5202
2383
3938
5260
6726
4247
5313
6666
3377
7027
3989
594
8089
8843
358
3412
6538
6032
7640
9680
683
447
9247
5465
205
2312
1440
1949
7084
6940
779
6720
7797
8458
1687
2010
7055
7719
2986
7842
2846
1155
4038
8166
7051
1192
300
634
2935
974
3862
8717
8230
562
2021
7696
2345
1791
84
5254
1733
3711
1358
9277
4752
3615
6683
873
7131
1594
6740
8144
9280
9331
5555
9624
5238
5657
1632
9697
3428
4831
7835
9588
6365
8723
1799
7031
6619
166
4876
7063
9523
1473
6284
3947
5677
1300
7650
261
7692
5773
9526
6295
335
1244
5502
7199
466
4805
6785
5973
2649
1546
8590
6600
9896
468
9942
2377
4248
6176
3608
1987
5460
2677
8850
9274
4702
6052
3770
2240
3822
5204
4043
5113
5859
1479
7419
6838
5519
9954
9060
4513
8924
2086
6587
5213
3299
4181
4011
7655
7668
1441
34
6475
6990
3188
8233
6079
2426
5703
3882
7000
745
78
9103
7044
1228
9416
9417
7313
7893
6548
6312
6989
17
2000
616
501
4061
2833
7493
9279
3117
2551
1721
403
4130
5603
6884
3000
1508
4509
3038
2571
6710
1812
9819
3636
1931
6788
4860
6308
6835
3013
6041
742
7607
8537
9118
9785
9769
3781
2351
7778
6315
7530
4411
6402
7102
2930
2664
1957
3469
320
8772
2409
3452
6868
8711
1748
8879
240
7790
9039
1822
9229
5499
1597
5411
9119
9390
2686
8389
2689
6216
6005
1335
9726
1077
9594
2088
5720
1139
2288
4945
4187
313
6388
7383
4488
2072
5631
8965
8309
7411
9285
5045
4429
1368
8048
5554
8191
5071
8823
8209
4251
7666
8989
3417
351
1476
3913
9742
551
9715
1138
6447
2958
5797
6925
5954
7192
8084
1936
9476
834
4457
5559
9677
1914
4755
5077
430
5719
7361
2623
9826
4572
1818
6317
6441
387
6574
5086
9439
626
1016
1275
5247
6124
9831
404
73
5037
3534
5020
1662
4723
1340
6643
3611
4657
7080
9857
7173
618
1988
9264
2878
785
4761
5966
5061
5637
849
8118
1254
370
589
6116
2153
510
651
2645
5776
9140
3317
3281
6421
9955
9392
2486
4826
549
604
6573
3233
7901
1213
7816
9625
2135
1420
4050
5843
5266
3137
1316
8132
1659
7611
3970
8774
9478
2545
2296
8973
1373
2880
2417
2042
3144
9309
5563
8635
5229
2971
8229
2143
7048
1062
6505
619
2302
1548
5882
4903
8055
8005
1342
508
5667
5046
7166
8888
3681
6962
2627
8185
1798
8647
4099
2163
1685
4736
1387
2415
5856
5209
9719
1201
2688
9845
5787
4855
3049
8092
5515
6345
1592
3577
7238
9151
9564
6470
377
2207
8867
808
248
6253
5088
7779
9240
3776
1360
8560
8088
8427
4944
1347
3279
1974
2931
2515
8163
599
8188
4508
5383
9611
7110
8328
2461
6210
9099
6364
8318
6474
7891
4360
909
8800
4059
6685
8580
8112
6745
9028
706
4895
6003
6728
5474
635
8922
6416
5835
2955
553
7681
9865
9375
917
484
1520
9656
8624
8044
4681
5255
9241
3704
888
4902
6741
7495
992
3427
380
8954
7071
2948
6182
2331
7948
1293
8354
9727
4954
9095
3405
9872
5047
2718
1363
1074
1755
4480
7585
5174
3193
7934
5905
1789
3069
8080
8223
5522
6044
2694
9467
7472
2995
7380
2440
9599
3174
2152
4303
1200
7040
7343
5026
5298
7648
6802
2620
2012
5656
2360
7670
6682
1168
3400
3132
8633
4592
9835
9856
1756
1156
884
379
1890
4042
3392
3053
3753
530
8370
5802
6836
4012
3287
7222
4021
9291
2217
8373
2563
6873
7466
8495
8126
2546
2712
3232
8741
3002
4408
3402
6831
5805
8150
1766
2098
9842
4819
2885
858
6214
7119
9891
1726
3338
7695
5876
6193
4829
2289
4697
2513
5214
4802
7184
6909
4923
5380
5195
2854
2954
1582
4057
3378
3598
284
9630
9906
8546
265
2681
1753
3621
3937
5549
5639
441
5066
3307
4797
2155
1774
6659
8571
8890
9905
3295
4064
2325
6291
1854
8806
7412
6083
3644
7529
4892
8131
9797
6015
9647
3203
746
9275
1312
2572
7158
1135
8558
2633
481
4856
898
6898
6217
7984
5746
5665
8602
2708
7028
3959
9307
5178
4548
285
1098
1354
8424
7360
440
2787
4558
6938
7224
7453
1242
2115
1762
8541
1918
4455
6515
2671
4462
3268
6405
9991
6007
8051
9452
2113
5919
1512
6218
5723
6322
5473
3911
3548
7385
8715
5619
4160
2233
5975
9777
9253
2422
4076
2447
4381
1134
7578
8911
3952
7183
3858
3915
3732
8873
6698
5832
3459
1901
541
4924
4097
8331
7817
7043
4728
8680
3310
4772
4309
4386
1566
8117
5793
696
5201
7328
5230
1514
6715
4369
4838
5650
9698
5022
5386
993
1008
7234
116
4020
3585
7767
5250
5900
4344
3669
4716
6840
137
218
2491
230
9634
9442
8361
208
8281
4139
5528
815
6928
6661
9135
66
2918
4024
5969
3027
649
8692
7856
2893
8706
531
4777
8031
4444
2927
2095
9301
1301
5064
232
8146
7807
3114
1626
5398
968
5099
1029
6417
8606
3495
5416
4433
5553
254
4056
9983
9162
763
4037
6866
138
1608
4155
6456
8841
8763
7023
5961
6743
9873
7039
5301
7253
3734
3001
1857
7800
260
8302
2151
701
625
1128
956
8880
1541
6634
2140
3431
2165
7981
5745
1385
7810
6935
857
193
4958
595
198
4317
7001
8895
3773
9536
7076
620
4882
3820
1966
7674
8503
6649
6174
756
7197
1889
5426
3071
5475
7160
344
4246
8186
8215
407
7486
7401
2530
2308
2202
3552
1827
2754
8976
6667
7246
9638
4530
1076
3877
4210
3638
5753
9787
9601
5645
8594
3654
1504
7170
8121
4740
5175
3724
1792
7814
4731
9971
3025
9181
2879
7860
8725
8610
8493
6074
9637
1386
5526
1884
3502
2568
1661
1350
4507
5604
1485
8605
3122
9566
9381
8391
6068
8583
296
5758
1507
9841
9668
249
1613
7334
5424
8125
50
6019
4282
8279
2830
1381
148
176
8290
5722
1660
6910
4790
5119
874
1103
3292
8659
151
6414
1554
5509
9875
7299
6766
8759
80
3524
3158
8931
4201
7457
4456
544
4564
2737
2175
4430
1224
306
3241
6407
4232
378
2569
515
8056
9555
2150
885
4372
7775
9061
2702
2282
7509
8093
601
8817
5852
8472
4147
1190
6941
5144
2254
5897
4256
8062
9117
6141
8272
5347
1319
6842
8368
1346
3085
755
7662
6491
8349
6445
7439
2144
107
2346
8434
9779
187
399
343
6930
2180
8700
9251
4661
4611
2984
3750
2868
8204
3480
1261
4950
356
9810
6859
9921
9561
6371
5715
7601
2090
6272
2322
1184
2255
7496
5524
8588
364
6680
3182
7982
7587
5664
8875
4899
118
3652
6575
3698
6617
3127
6644
3321
7414
9064
388
4516
3939
4100
7424
7089
8530
474
231
6476
6825
2343
5700
6443
8938
1840
7748
6399
4467
1214
4929
9445
9108
9838
2125
6663
360
1945
4603
88
3079
9127
7590
363
1851
8577
2399
5177
2567
2294
715
8461
5283
3301
8825
9266
7448
6334
3588
30
5788
8431
9057
8176
3871
106
8944
7592
4084
9233
9729
2692
6462
5404
5092
3456
741
6862
6604
2028
9450
2504
7202
1643
401
9088
3520
192
9431
2511
6290
3788
7957
3651
2261
7998
575
3155
5932
9446
3884
1559
1783
3212
8738
8906
9758
6339
1994
6202
9572
2841
8012
6943
221
1672
6323
8136
6211
547
1474
8425
555
497
7483
6824
4812
6851
1160
8766
4517
9663
1308
1961
5696
5750
2647
6469
5607
8744
4343
6099
2951
3868
450
9792
1598
6452
6395
2350
4052
2682
1754
3498
9500
9031
8813
3178
3387
7584
855
934
3863
8678
2046
1627
6100
3410
4273
9036
5576
7074
9377
7101
557
2131
5103
7579
7171
7260
4759
9134
132
2899
3739
228
4779
1170
3607
9664
5848
4606
5450
9089
9725
4729
2041
8376
947
9174
1917
717
9000
2612
1038
5654
579
5208
6901
7791
900
2367
1274
8386
8003
4648
1364
1023
1271
3063
1068
9774
1879
5782
4192
7136
2949
9760
8027
2762
8455
8231
6560
2911
237
4632
4535
5114
7624
4735
757
4576
3488
8614
8430
3765
9479
256
4297
8073
6580
7575
7777
3867
7257
2977
5914
1664
8119
5774
234
9393
3689
7597
2785
4498
1591
5371
1481
5829
9616
5672
3619
9874
4545
3874
7323
498
4990
4792
1560
7425
3780
8768
788
480
1712
2618
4995
1567
94
7660
1186
4468
8874
4986
8478
2817
3616
5218
6230
8762
1593
9892
3499
3565
1174
8667
3404
8515
5910
1085
6552
8720
511
9401
9666
3125
9880
8534
7971
9289
1065
5352
1154
4138
8133
2353
7953
6982
6146
4093
9002
6948
8190
2615
424
3277
3591
6905
644
2966
5146
8830
996
405
6953
1657
8210
5681
943
4423
6985
1111
4939
5184
4378
3609
6150
9822
6143
829
845
9283
8576
8079
7428
507
3600
5792
1442
119
4655
710
2266
4215
6861
1384
720
9398
650
7398
1707
9410
315
6541
2058
1081
7221
9917
7923
8339
1465
2710
1816
7362
9849
8070
1531
6170
5028
2843
6917
5273
8283
142
6363
8366
6997
6199
476
2548
8159
7450
7786
8681
9224
5885
3497
5397
9414
4355
5714
5000
1730
9730
3242
1332
916
4997
875
3816
2441
9650
9122
9847
6822
7755
3990
5288
3237
3717
3965
2054
9202
7632
4184
5824
4077
4750
4813
907
6259
592
1194
3106
6307
2793
9411
4051
2798
8883
376
4320
9673
9461
3249
2055
6669
2543
4628
7368
999
8840
6304
3695
8269
5128
8854
9714
3494
4753
1807
1535
2469
3928
7572
3983
5052
7899
4794
583
820
6468
4323
9081
9642
7828
216
9866
3208
8459
4620
3870
9888
600
1964
1564
5997
8387
5074
6201
2147
7262
5831
4706
3318
2173
5578
1060
1470
2396
1635
2604
2391
1647
5494
764
3239
7426
7961
859
7703
6277
3316
3017
9303
9901
9878
79
3583
7603
4803
9428
217
6564
766
6069
7970
5497
1152
2945
4431
2783
8311
9245
8014
1690
8454
420
777
1843
6016
9158
918
9116
9092
2794
2273
3285
3843
1694
4666
2957
6157
2641
2997
8968
1022
795
393
7024
9836
2126
7526
267
3722
8292
421
6813
8075
7399
7907
3805
6558
754
2187
183
8355
2679
7003
990
2309
3559
7510
5630
4647
3992
8946
4499
8310
1619
7847
3040
8849
7933
9101
4783
6690
4223
2270
9435
3723
2258
495
8917
5293
6040
8956
3490
7926
1218
4908
682
3453
390
2068
8522
9124
3692
8803
3503
1823
2221
3390
4918
3857
3012
9550
8784
663
9230
1475
2285
7782
7903
128
6350
3200
7404
8078
8147
4732
6615
1009
442
8979
523
8346
6050
5615
9265
1810
1424
4018
5869
1642
1057
4637
6773
8601
3209
8301
4272
9029
5100
9232
455
3599
1839
8814
1540
8042
7154
705
2128
4670
4998
6471
8193
5326
3440
921
3523
4833
7823
6268
7606
7029
4544
7195
9554
1403
4521
1938
3398
6828
3807
7962
3219
1908
4418
2729
7035
4269
6377
482
7475
3304
2736
9679
7628
5763
6093
3568
770
1551
798
3883
3269
8985
8603
6467
4617
9168
5132
7352
2492
6454
9150
1861
5399
8199
543
948
5034
9010
7015
6386
4002
5145
1973
9798
1832
9716
448
6442
7651
5879
4791
236
9065
5141
6387
6769
144
7774
2691
8010
7871
7658
6501
4575
2212
3204
3276
2506
4786
2580
7594
8050
1248
6855
8648
2251
3758
9372
5432
5584
7542
3653
4350
6175
4814
7219
9322
2539
6359
9513
2047
1609
8094
298
1123
2237
359
7831
3352
1464
4445
550
9659
1881
3350
7832
8390
981
9142
8498
4763
554
6006
1711
3472
2552
8708
3803
8959
4844
8169
1765
3143
8925
7849
759
7143
8212
1162
3288
7500
202
9492
1131
558
3227
6717
1556
822
4523
1770
8382
241
846
4464
5409
9808
3339
7152
3712
2321
3667
4845
9330
954
9427
4068
7271
7231
6226
8452
1372
6122
2601
2372
274
8433
9575
4048
6439
5635
2690
9745
6921
4135
6344
6893
3811
8308
7357
6578
6206
7691
5803
8713
2079
983
9560
1847
9288
1615
4143
6521
7151
3284
6396
623
4080
8962
6963
7093
3384
1002
9515
9460
7369
4333
2696
972
8399
6734
392
6516
2809
3521
33
2442
4166
3153
658
6568
6145
5651
9512
1686
6335
1370
5407
4910
3366
4238
8750
7897
5858
381
2483
4859
3444
1095
521
8852
406
7284
1622
5917
3708
2749
6981
8490
5864
2084
5530
8306
4941
7303
5666
9448
6527
3121
257
3657
6902
861
607
5335
5716
6942
8699
8970
8315
9426
9533
4922
4154
5748
61
9931
3275
3592
2262
7429
7365
2458
2007
3388
6191
5401
7026
8196
8579
4058
5939
1209
5812
2323
942
1205
3519
8471
4207
2333
2738
9789
8964
5246
314
1562
5537
3323
9125
4268
169
6132
5594
6608
2585
9244
8507
3195
8751
9348
3438
967
5153
5772
1147
2371
1907
7550
3057
6646
7760
4486
8491
9635
1299
3998
2060
5290
6403
1287
8544
904
4287
4150
9617
9915
5303
6111
266
9755
2385
6160
7087
667
8914
5827
6000
1239
8573
9016
7701
3864
3979
3889
5718
6613
6497
758
2773
1943
7161
7990
8894
1260
4817
6401
4748
6691
69
1589
5245
546
4992
602
3487
4285
7461
423
6697
3257
3066
9645
4156
2378
7712
4709
8162
5531
7285
778
6544
3245
1102
2852
8651
3084
8134
2448
6812
7619
2132
4354
3491
7228
8197
577
9293
2293
9689
836
3645
3991
7130
42
2277
9070
3791
9802
5602
7669
4032
1307
1113
591
718
9607
3815
3891
7396
7852
1995
8497
3661
8955
4374
1611
8658
7247
4580
7565
9236
3897
5839
4880
7617
753
9023
6258
75
8030
3048
8054
7243
6135
8632
9976
6993
2706
1276
8694
2832
4113
4942
362
802
2727
5617
6716
7551
4577
8137
1469
9072
347
1457
6755
6539
8409
524
6147
6477
3761
9514
8510
1656
3296
2018
464
7844
3865
8620
6024
4490
6569
5434
8839
848
3618
7631
2591
6736
2139
7928
8907
2213
2249
1176
4754
496
5013
8313
8644
7512
2735
4526
4115
7210
8421
2874
6232
1328
8542
9927
8480
6706
2298
5455
3177
2073
8096
9850
9302
99
5418
6750
6554
3474
7331
5033
7874
3029
8371
7599
7340
9908
4601
827
4117
2453
3972
9243
850
4252
1027
9228
862
9938
6984
6986
7697
9186
2280
321
6254
8485
514
1259
452
6721
4279
5640
8284
145
3795
6832
6354
8299
4220
8568
5096
332
2205
4738
2275
499
4764
6792
8769
9741
6826
518
2755
4536
6118
6512
7904
8439
5275
9154
473
4114
1264
5464
8360
165
6490
5115
2181
7244
666
2167
8891
2016
385
6205
987
4843
1229
259
3270
5282
6914
7657
3360
7379
3399
6485
5251
121
1225
5359
6742
2370
4597
9037
1313
929
7382
6534
9897
7432
9781
6974
5084
6780
5684
9665
4153
7052
1199
8540
819
6286
2594
4699
8087
2201
7021
8270
2230
4307
4582
5225
3800
8378
5513
2388
8061
5514
7965
3511
4619
7106
1376
4562
7922
9807
5976
1071
3514
3628
5186
5469
2306
5579
7938
2973
1079
4089
3423
4079
1621
3333
8184
2455
5307
5476
5815
4188
9534
4987
8247
1650
6428
1802
8250
1404
1030
5743
4243
811
1212
4972
9907
4485
1092
6735
6672
3265
3004
1952
5503
2675
7460
7919
1439
2049
6496
2780
2338
6648
615
5488
9052
1953
2480
6373
5049
5374
1759
4353
1266
1486
9012
9981
939
7793
8194
5135
8029
70
5874
9338
8385
8863
1980
2724
6676
7784
3530
4095
6589
127
8909
2838
7488
3129
4649
6805
2925
3528
3060
3832
9545
3205
7714
7085
6507
6540
5286
2857
20
1750
2855
1120
3043
8824
2850
3460
4849
2164
769
2544
5422
1143
9820
6931
5117
5172
8612
1208
6493
3082
5309
7554
8286
4991
6026
3892
5568
4450
6022
3290
4422
3709
250
5532
4679
5328
6597
775
4862
1904
2328
8764
2065
214
4410
5039
3809
5838
3420
1089
5830
9780
1166
4928
4345
1724
5727
5253
4327
7376
6586
9292
1658
8844
7546
3236
783
4906
7229
4019
2713
4055
2605
556
9559
4274
5181
8657
1655
8253
1555
4144
278
9531
941
4379
446
3726
5147
9018
3160
2639
2678
5890
5089
2892
9160
5395
6530
141
7320
3168
4359
7694
6632
7749
301
2795
7969
5688
9046
7931
8141
1751
9300
1416
2876
2825
4348
3264
5050
5586
4502
4231
1860
3973
355
4916
3094
5198
7796
8021
3008
3294
1534
7104
1253
2056
4778
7756
7867
7869
5388
1976
3363
7478
2329
6864
1986
6853
944
7268
6105
1289
3613
5376
2797
3554
2062
6400
9371
2450
1157
6173
1543
1570
8731
2760
3156
5031
5711
534
162
4319
8811
6185
451
6719
3190
2963
5842
6934
3501
2403
8413
9613
7667
2368
5902
1698
97
2063
8464
1596
8923
1923
463
3218
6057
1801
2840
2732
9059
6595
2001
1928
2661
5901
3597
1063
8238
4893
4867
5884
3226
3622
1410
2778
1357
8595
5940
2746
2210
2851
8981
6804
8775
1583
7596
4190
2002
9699
1875
6946
4497
8739
765
9315
2497
3254
7561
6819
2295
2245
8771
1648
5808
7442
2614
727
7868
3466
6012
7682
707
3303
1811
9297
6196
5002
5726
4039
6260
8872
4031
6045
6392
2829
4524
490
2719
506
4129
8175
6869
5682
1947
1466
1607
771
1202
5551
4853
9525
6713
5977
9226
2053
7137
5862
2301
3912
6718
3620
2252
2271
3710
6591
8884
6380
4836
6702
2263
410
9837
6957
1451
3197
3564
922
5592
5994
3969
5124
1020
1848
6422
4361
4245
2310
1086
322
4195
2818
8671
8798
4943
1305
2904
2994
4584
7251
9310
9691
7355
6149
5448
3476
4000
2758
2932
9271
4907
3344
7263
416
5960
8109
654
4078
980
2964
8053
971
5355
4691
8429
2908
7188
7738
3849
8536
4554
5751
6933
5206
9449
4277
2074
4560
6419
9790
728
9388
9201
4668
6133
2602
6243
1538
4663
4224
6553
9532
2366
3183
6652
8107
1315
5929
6794
2234
9071
8330
7281
6451
4133
3262
1501
1549
9509
4542
7949
1728
1369
7789
2517
2651
5484
4180
5233
5083
8816
6349
1670
3721
9121
9311
4164
655
2311
3699
472
2676
9203
478
1247
529
4001
8792
5767
5921
44
5344
6923
8785
8672
1177
1258
5865
3614
735
7402
3154
479
1967
6120
2669
7435
6924
6219
2462
6038
8085
7240
5944
1797
3601
5454
3640
4766
8477
8807
951
4837
71
1270
7203
5927
8033
9966
4870
6340
4262
4510
6915
9997
9009
3612
64
5759
2650
5558
3110
6562
3703
1718
9633
9782
9054
1114
5612
8531
7883
3968
2082
1902
4443
3658
630
2698
8110
8987
2875
3184
2581
6972
6638
7866
7418
2004
3543
800
211
158
9928
8257
6588
2959
9887
9868
8526
3921
7936
9651
4062
6080
4314
1408
49
3141
2089
1362
8679
5016
2540
9791
3150
7896
4823
906
4281
6358
9709
1267
7005
6886
1183
9980
7099
6240
7573
9890
220
9030
4299
5504
3072
9457
4940
6876
5329
4951
15
2061
3394
2588
1017
4341
6482
2808
7416
5108
6603
2431
9286
6592
3380
9539
7900
8113
1758
4244
7924
9772
9879
4236
6549
4397
6347
2834
4520
8479
8405
8035
2537
7254
5318
3486
9653
2767
2881
3170
6458
3904
6233
9507
5035
2446
3942
1968
5740
7272
8578
6248
4300
6298
7384
1251
3830
2122
6960
5699
1926
3011
8388
6309
4005
7626
6046
3545
5442
4614
2680
6264
2178
2035
9766
989
5462
2390
9026
9464
9459
305
9852
8357
6393
1883
6964
5943
4640
6961
7725
5721
8877
8167
652
8755
7887
3152
3361
9214
9231
103
5011
4329
5323
6329
2644
340
5894
6523
4822
4638
5148
8555
7049
229
8845
1927
3610
4376
1490
1450
4352
7968
3643
4799
2626
4588
4807
9352
2229
8164
8520
2989
8592
5505
1740
2003
5489
6242
5778
8142
255
40
7189
297
3035
3663
23
4292
6712
1112
7046
8761
7675
1727
8898
7223
4363
9472
3324
9385
6039
2715
4454
9843
9922
7905
8564
5164
902
4284
3064
4290
1048
4571
5574
6305
988
4198
9474
2313
1882
9097
4209
6870
2870
9364
4373
6760
828
5157
7633
4567
6165
8567
7742
2418
5810
6896
112
9098
3848
2334
8993
7686
206
3093
2791
4025
4104
8791
609
8297
3103
361
9541
5669
1446
2284
1428
1333
851
6004
1893
9690
8646
4465
4626
7468
8428
3887
3513
5777
9011
3895
1679
9969
8801
4674
4473
3625
4174
8921
5261
226
6722
3246
6280
7559
2919
9910
7663
4347
4475
7314
242
6658
199
9570
2917
1517
8695
5203
3522
6229
3506
1837
3555
9869
1329
1929
9959
9956
3376
7211
8742
5021
5756
9463
7780
2555
7459
5363
5873
7298
5149
5538
5928
7269
8465
8161
8760
2981
7824
6115
5392
161
4098
4914
7645
4921
2500
54
3574
8565
8095
6621
2510
1249
985
622
1714
7967
6090
5479
2356
3311
4405
4552
4368
7544
8049
743
5547
8216
871
9858
3684
1498
6686
3165
5981
5780
7237
5896
9547
2185
794
5197
8174
4960
5557
4090
9358
7980
6300
7182
5596
1099
2831
8404
3075
1413
2805
6353
9899
184
4581
5689
5276
1149
984
9305
7515
3787
8187
3211
5308
4810
1842
1487
1137
9191
5936
5271
2406
1345
6777
2518
9989
417
5998
5387
4102
9304
7514
7273
1230
8663
2635
6163
8829
7954
2369
6696
9811
6730
4864
4886
1393
1272
328
1104
4492
2726
8319
1558
4142
6394
4643
462
4446
9254
1525
9894
7394
7846
3797
565
656
4185
8407
7275
1746
7589
2112
1971
7613
2036
8278
3481
2039
1221
672
7911
1878
782
331
9603
4013
170
5585
82
3454
9075
8616
8967
8487
8690
5548
3133
8982
5019
9091
4500
2667
4241
5259
4067
454
2100
4414
2654
5357
4016
7305
4312
1366
7235
3385
805
5433
1629
4863
1565
7569
59
986
8393
213
1665
6060
233
1845
4671
9113
5009
3300
1151
7138
6756
9524
4891
5393
9222
6382
1523
5878
8638
3966
4366
2853
1819
287
1191
8936
8300
9935
9986
4832
3447
3774
786
9374
6845
2643
7581
7190
2339
9136
3861
949
5072
1371
8984
1794
1
1569
5193
9223
4881
2775
6679
5220
5458
5012
4623
5429
1119
7762
9920
4904
8072
1677
3457
4673
4254
5818
2182
3033
8587
7788
2659
5725
7912
3986
5836
1747
7822
3632
7065
1529
6827
1941
1604
3917
391
2176
8549
6958
9595
3642
3907
7193
9290
6203
7608
6795
6130
5550
935
9106
4789
4157
3250
6748
2849
2085
4081
719
6609
1296
5713
333
6528
1127
8619
3539
6506
5296
5822
9941
262
1506
3789
4163
5834
6002
3382
3327
886
8705
5983
8200
7768
2190
1344
9767
2934
1533
2978
586
8259
4583
5643
1054
4212
9281
7427
905
2975
581
590
3656
6059
690
7449
7123
4710
153
3291
1078
903
6645
428
8182
5693
7683
9750
8636
8869
6991
8991
4041
4261
6998
2470
8783
671
2236
4651
8446
9614
8120
2304
422
5647
9419
7095
9801
6598
1701
8703
7951
5652
4511
130
6466
5968
2508
418
3575
2224
8992
9077
7863
8234
2032
8154
7403
4602
5112
3996
1285
1471
5527
3729
2232
9143
8451
1375
2505
693
1012
6525
7680
4459
5942
2509
4926
8609
7552
8173
3065
4406
978
9296
8034
7518
2501
3216
3261
695
91
4767
797
5062
899
8822
4830
4122
7761
8105
7943
5492
3357
1217
2348
3981
273
4537
4615
2533
7267
9584
6351
5790
5583
7423
3162
3341
4641
3526
9990
1668
7372
7150
5616
2456
6846
3426
4978
9682
2979
5512
1588
3922
5622
5368
5467
2429
3646
6918
7503
5106
5589
3701
8303
4525
2438
5216
1348
3220
979
6181
662
9043
5924
5065
5389
1834
5339
9267
5791
7978
9484
6571
7836
9345
3831
3961
27
5950
2781
4970
5898
4743
5365
963
5729
2161
1082
3179
7014
3383
2248
5410
6097
5446
8625
9104
7937
5662
8022
5056
9743
9128
12
6223
2107
4985
9876
887
5871
5606
243
8040
9365
1972
9694
4975
1678
3107
6657
9649
4579
5321
3108
3838
9537
8683
2482
4030
7966
2479
4182
7535
3932
2206
9793
411
8819
2171
6318
7508
6577
3302
8127
5457
8189
8358
8352
488
9044
3930
7155
865
1187
3806
8983
9013
3785
6171
3135
913
3191
469
6511
3465
4293
1838
7295
6245
3876
1034
8492
1956
8261
4237
9317
7
6338
5768
5423
5708
5599
5918
2099
563
9133
6127
5735
5633
1210
8501
2717
81
6028
2998
1015
9177
4118
6237
5779
5487
7008
412
7958
8504
4087
2119
776
3484
1880
4565
7548
7570
57
9074
5332
9355
6424
2030
4427
7513
5626
5671
7169
5953
9405
574
2836
4981
8367
3762
5277
2863
7956
3199
7053
349
3694
7865
8934
1983
9582
3538
3977
4519
3821
1653
45
6913
8597
2933
5294
8913
6848
1482
8787
6950
674
1499
4871
8467
9627
6449
8887
2496
4555
4200
6852
3244
1406
6708
4591
2747
8397
2835
9349
8327
6727
2465
6681
9958
6610
9196
8013
6154
1573
8687
2765
2423
687
1150
2842
8634
9895
2278
5166
7050
1429
5459
8396
2574
973
8149
8277
1624
5104
3586
3473
5431
6531
9024
8697
7446
1318
6955
3541
6136
1930
5481
7194
3214
409
5236
8652
9804
1460
6390
5886
3982
6013
9327
6025
1894
8835
5415
7226
9833
4402
4177
6797
1311
8116
3411
1418
3627
5552
5482
6731
7060
4745
6890
2424
3784
372
5676
4578
5600
4270
816
3827
5180
9882
9360
4751
603
4436
4715
3313
2946
4137
7676
9486
8287
773
4688
264
6244
336
5194
35
6208
2026
5150
453
1043
7445
2186
7073
5908
6048
8712
9378
6126
9609
4267
117
5543
7034
6536
124
9863
7364
6076
5996
7809
5169
1873
1061
2579
9412
8047
6988
7944
3901
1922
4049
1652
9021
6119
125
1841
9945
3956
2807
6398
5274
3014
8815
919
181
1706
2806
1145
2802
3507
7286
5133
3041
2043
7114
7431
6420
2711
36
1625
9898
8675
5158
3918
6967
2211
2330
9508
9735
7898
8342
9794
1705
6927
2943
5291
2287
6590
9916
8639
2005
2279
2498
3356
4784
890
7892
3347
5270
4264
3074
7187
813
8106
3745
77
4399
8676
3602
4337
9204
7731
640
8508
3633
8457
528
6599
7693
950
8484
5420
4396
5436
3164
639
289
9397
6273
519
5160
4
1169
5391
4311
9318
5732
8410
2361
3445
9025
4518
3192
8563
397
839
8562
7088
5377
9034
4629
6492
7516
2766
9455
2753
9421
7763
9066
6426
792
4022
9319
1814
1359
711
1700
6510
9598
7765
8466
4541
7838
7075
4325
3500
4310
219
7249
1942
1888
8729
9646
2907
299
7805
6882
3088
5500
5023
6629
7216
270
6374
9487
7025
2777
2784
9615
8702
5199
7894
9182
1116
6677
109
1738
3018
3581
3231
3371
6860
2584
5188
9294
4689
2693
9581
5345
5348
3272
2464
9085
2022
2133
1542
6995
7363
5381
3790
9485
3142
6881
673
1720
7879
7016
2395
4948
6937
140
6161
6319
3389
2093
4635
9752
4900
7557
4193
6328
897
2520
2554
9970
1096
8902
9900
1868
3549
6433
8214
2381
6030
8295
1749
2869
6975
5621
1146
7772
1059
3297
3039
3841
2740
3926
7616
7105
9626
7960
8600
188
1304
8028
2241
3348
1836
7135
3021
7490
4841
3362
2668
3258
2413
5965
3430
7621
9380
5305
2342
9282
5731
8857
5265
807
2314
1454
5636
3314
2888
1858
2642
818
4332
665
9618
9165
7322
8539
7743
3305
4686
4744
1919
513
2970
4204
8091
2316
8758
9221
2257
7056
1654
8500
7009
6463
4662
7728
2887
8460
5913
2819
9111
7250
5562
9278
7033
6980
6391
3630
2327
4889
7890
312
1709
3576
9434
809
6037
8108
6333
1237
7870
3593
6809
2335
6332
7397
5733
11
4875
3078
9403
7593
637
2239
7886
7939
4534
8996
8372
4999
5338
8834
3215
3186
3289
9889
4014
239
7225
6360
7602
2516
2120
4979
8630
7393
605
1136
8239
8998
6520
6106
2435
348
6472
5430
6029
1447
3786
2630
2244
2297
6180
7979
9087
8312
8362
6570
5979
872
62
7258
6384
9762
2837
7875
2228
4851
1898
1036
6148
4946
3962
7010
6278
1227
6789
4474
1903
9409
8860
3946
8631
2416
5801
3563
6301
1713
7840
6064
6764
1710
7306
2242
7345
9674
459
880
2704
970
2031
6071
5173
1651
2265
6113
8015
5734
3351
4265
159
6651
4522
4365
31
7525
2114
6434
4421
475
2926
7113
9299
9321
5317
6911
1620
2741
4428
4573
4199
5085
7498
6408
9799
212
5811
5988
6129
9176
1141
7533
5185
5955
8271
7612
588
9361
6144
1405
6192
5252
8951
2281
4434
9711
6872
4989
4091
9138
7718
2208
6212
4092
5179
1803
3418
4471
1940
1382
2009
5451
5804
435
3115
838
1158
8904
4894
6640
3561
2522
4015
1513
3169
9189
3985
2559
4259
8082
9262
4375
2116
5857
1606
6647
3309
8148
9657
3931
7327
1431
9493
4964
1735
2141
2519
3046
3516
4028
5405
4652
6172
3566
6945
2160
1458
3748
7132
6075
7002
7232
2757
6815
7358
4409
4040
6348
6479
3067
2983
9510
434
7994
5933
6444
6919
5912
3047
7464
5067
5819
9466
3943
7112
3020
5911
7843
7308
5327
7684
2485
9923
8115
1602
9994
1110
632
471
9383
976
6550
2495
4442
5466
824
8099
8945
8408
5406
6289
5572
1472
8347
83
7116
8505
7538
4286
7521
9164
3686
7174
1924
4721
1865
5361
2433
1234
3775
731
5868
9518
3594
608
1742
1283
7120
6818
1741
4609
1491
5138
2057
7153
7591
1007
5059
1787
2902
1614
4717
7878
2494
7408
2067
9438
1153
4412
3535
4008
5845
1578
5239
1734
4413
4690
629
3368
9738
2344
4527
9589
7018
7082
6606
9747
7916
7858
9366
8364
4756
9669
6987
7652
4947
1618
3123
1900
7341
3448
3578
2800
3557
6875
790
2789
4278
8157
3975
1280
6806
8041
4171
4653
7421
2823
9999
8180
7716
1717
9260
8870
4961
3647
2900
5437
9313
9834
4598
1206
443
5354
3873
8529
8809
4132
8613
5289
7157
1874
8256
2439
6830
669
6844
6888
8285
4808
9400
8348
2283
9004
1829
3477
633
150
9602
1684
3083
4419
8805
3306
2091
1600
5766
9929
7133
8398
7730
4275
3854
6823
9776
201
2913
7527
9147
8521
3336
8770
6235
4085
8025
